 0  0  0  0  0  0  0  0  0  0  0  0  0  0  0  0  0  0  0  0  0  0  0  0  0  0  0  0
 0  0  0  0  0  0  0  0  0  0  0  0  0  0  0  0  0  0  0  0  0  0  0  0  0  0  0  0
 0  0  0  0  0  0  0  0  0  0  0  0  0  0  0  0  0  0  0  0  0  0  0  0  0  0  0  0
10  3  3  3  3  3  3  3  3  3  3  3  3 11 10  3  3  3  3  3  3  3  3  3  3  3  3 11
 2 15 15 15 15 15 15 15 15 15 15 15 15  4  2 15 15 15 15 15 15 15 15 15 15 15 15  4
 2 15  8  5  5  9 15  8  5  5  5  9 15  4  2 15  8  5  5  5  9 15  8  5  5  9 15  4
 2 16  4  1  1  2 15  4  1  1  1  2 15  4  2 15  4  1  1  1  2 15  4  1  1  2 16  4
 2 15  7  3  3  6 15  7  3  3  3  6 15  7  6 15  7  3  3  3  6 15  7  3  3  6 15  4
 2 15 15 15 15 15 15 15 15 15 15 15 15 15 15 15 15 15 15 15 15 15 15 15 15 15 15  4
 2 15  8  5  5  9 15  8  9 15  8  5  5  5  5  5  5  9 15  8  9 15  8  5  5  9 15  4
 2 15  7  3  3  6 15  4  2 15  7  3  3 11 10  3  3  6 15  4  2 15  7  3  3  6 15  4
 2 15 15 15 15 15 15  4  2 15 15 15 15  4  2 15 15 15 15  4  2 15 15 15 15 15 15  4
13  5  5  5  5  9 15  4 13  5  5  9  0  4  2  0  8  5  5 12  2 15  8  5  5  5  5 12
 0  0  0  0  0  2 15  4 10  3  3  6  0  7  6  0  7  3  3 11  2 15  4  0  0  0  0  0
 0  0  0  0  0  2 15  4  2  0  0  0  0  0  0  0  0  0  0  4  2 15  4  0  0  0  0  0
 0  0  0  0  0  2 15  4  2  0  8  5  5 14 14  5  5  9  0  4  2 15  4  0  0  0  0  0
 3  3  3  3  3  6 15  7  6  0  4  0  0  0  0  0  0  2  0  7  6 15  7  3  3  3  3  3
 0  0  0  0  0  0 15  0  0  0  4  0  0  0  0  0  0  2  0  0  0 15  0  0  0  0  0  0
 5  5  5  5  5  9 15  8  9  0  4  0  0  0  0  0  0  2  0  8  9 15  8  5  5  5  5  5
 0  0  0  0  0  2 15  4  2  0  7  3  3  3  3  3  3  6  0  4  2 15  4  0  0  0  0  0
 0  0  0  0  0  2 15  4  2  0  0  0  0  0  0  0  0  0  0  4  2 15  4  0  0  0  0  0
 0  0  0  0  0  2 15  4  2  0  8  5  5  5  5  5  5  9  0  4  2 15  4  0  0  0  0  0
10  3  3  3  3  6 15  7  6  0  7  3  3 11 10  3  3  6  0  7  6 15  7  3  3  3  3 11
 2 15 15 15 15 15 15 15 15 15 15 15 15  4  2 15 15 15 15 15 15 15 15 15 15 15 15  4
 2 15  8  5  5  9 15  8  5  5  5  9 15  4  2 15  8  5  5  5  9 15  8  5  5  9 15  4
 2 15  7  3 11  2 15  7  3  3  3  6 15  7  6 15  7  3  3  3  6 15  4 10  3  6 15  4
 2 16 15 15  4  2 15 15 15 15 15 15 15  0  0 15 15 15 15 15 15 15  4  2 15 15 16  4
13  5  9 15  4  2 15  8  9 15  8  5  5  5  5  5  5  9 15  8  9 15  4  2 15  8  5 12
10  3  6 15  7  6 15  4  2 15  7  3  3 11 10  3  3  6 15  4  2 15  7  6 15  7  3 11
 2 15 15 15 15 15 15  4  2 15 15 15 15  4  2 15 15 15 15  4  2 15 15 15 15 15 15  4
 2 15  8  5  5  5  5 12 13  5  5  9 15  4  2 15  8  5  5 12 13  5  5  5  5  9 15  4
 2 15  7  3  3  3  3  3  3  3  3  6 15  7  6 15  7  3  3  3  3  3  3  3  3  6 15  4
 2 15 15 15 15 15 15 15 15 15 15 15 15 15 15 15 15 15 15 15 15 15 15 15 15 15 15  4
13  5  5  5  5  5  5  5  5  5  5  5  5  5  5  5  5  5  5  5  5  5  5  5  5  5  5 12
 0  0  0  0  0  0  0  0  0  0  0  0  0  0  0  0  0  0  0  0  0  0  0  0  0  0  0  0
 0  0  0  0  0  0  0  0  0  0  0  0  0  0  0  0  0  0  0  0  0  0  0  0  0  0  0  0
